6.543428074670354540e-03
3.233010874028110007e-03
2.609544292038071776e-03
2.282478179610140673e-03
2.031973481787209372e-03
1.822019432500388610e-03
1.694909844607453290e-03
1.591247918795717520e-03
1.535511840876107497e-03
1.449725361870797882e-03
1.369717215731132073e-03
1.317958031649100158e-03
1.260944182699975762e-03
1.175624132463682064e-03
1.165944568723905131e-03
1.099824488611589671e-03
1.063468240116525977e-03
1.042194623266996367e-03
1.006979618587102842e-03
9.634127899577204102e-04
9.015295005772084626e-04
8.999807365072794120e-04
8.638181990148563819e-04
8.492312712700270452e-04
8.246297185907611226e-04
8.040600342235920553e-04
7.958785488891039536e-04
7.857378768160334101e-04
7.417762138117565832e-04
7.256406622816812630e-04
6.986509089893636927e-04
6.686829163776272962e-04
6.958844595171155686e-04
6.285969362496621454e-04
6.292450936128647036e-04
5.827686412525808759e-04
6.205953459048503800e-04
6.094522727807048356e-04
5.980556800071927049e-04
5.476775230235325729e-04
5.664824103594557139e-04
5.379745989592566325e-04
5.081031444139732763e-04
5.566650544500484441e-04
5.243063405229098821e-04
5.121428161455863787e-04
5.034086964427923272e-04
4.898391451178252514e-04
4.838418721258549776e-04
5.005878318705609710e-04
4.903439746021527428e-04
4.482071131436219671e-04
4.652340611583354740e-04
4.726421594862319523e-04
4.691378035215772960e-04
4.519703537270011924e-04
4.438514347839752510e-04
4.222987878673967990e-04
4.114666997676848584e-04
4.387340646629598597e-04
4.072603788962647869e-04
4.145153598486926846e-04
3.949636522771657310e-04
3.800062344417277568e-04
4.208089947977385428e-04
3.953304108399844263e-04
3.915023199544439138e-04
4.004212811131987798e-04
3.715137873553047798e-04
4.112633355424346942e-04
3.497424362034583364e-04
3.658879471568769249e-04
3.741513469248359484e-04
3.797896946441543234e-04
3.672797961512453313e-04
3.542740564698487250e-04
3.424853465394695493e-04
3.475206323176415315e-04
3.501191461111839969e-04
3.587162545260830704e-04
3.015240971944116530e-04
3.285226862909366606e-04
3.552975205601016672e-04
3.316125873484422983e-04
3.665266213255752932e-04
3.482783703204575011e-04
3.124802602810626160e-04
3.383124625009632639e-04
3.269914168995930815e-04
3.226019683282138877e-04
3.361371793249733520e-04
3.364599269506501878e-04
3.477702627430664657e-04
2.829113568152299800e-04
3.332731155252640839e-04
3.317151920639208160e-04
3.184187399211601491e-04
2.980972933552198788e-04
3.266293759970137359e-04
2.916904568407508239e-04
