7.211938860602676304e-02
5.059318833798170240e-02
4.420261804466135702e-02
3.967574873655103224e-02
3.626562358967494459e-02
3.337226176406257044e-02
3.081073371290694862e-02
2.845496287252754011e-02
2.633495751279406327e-02
2.440915933987125586e-02
2.269268633787287562e-02
2.114022658631438401e-02
1.974213786430191117e-02
1.849252542343456443e-02
1.737934304265072519e-02
1.635523859836393937e-02
1.543315402517328114e-02
1.462358266874216536e-02
1.387647758313687550e-02
1.317480743376072544e-02
1.255710284020169695e-02
1.195736270005581976e-02
1.141569168455898800e-02
1.093379893827368422e-02
1.048533968704869028e-02
1.007057965543353868e-02
9.691900605877162497e-03
9.364908720512175877e-03
9.027270870382199039e-03
8.746065700281179314e-03
8.480519667820771504e-03
8.229611917131115367e-03
8.009449407132341811e-03
7.797314218967221593e-03
7.613746671448461296e-03
7.438196236710064094e-03
7.264643985452130803e-03
7.107706230704206700e-03
6.967111949762329337e-03
6.831871307152323318e-03
6.703002377157099394e-03
6.582340980833396166e-03
6.465218370483489380e-03
6.357898898451821469e-03
6.248618346138391441e-03
6.148994242734624575e-03
6.058469160765526246e-03
5.966553769854362858e-03
5.874668296164600213e-03
5.787838866445235882e-03
5.713840425413218085e-03
5.628586269266088252e-03
5.557030041114194643e-03
5.488892868589027516e-03
5.414368153089889855e-03
5.341672121846932283e-03
5.278940210115979498e-03
5.216988861735444814e-03
5.156176861232961844e-03
5.087975024676416082e-03
5.034236810888978453e-03
4.981998225665302052e-03
4.923374861196498121e-03
4.871175457927165962e-03
4.816695438485476405e-03
4.763937348089530496e-03
4.703064679590170452e-03
4.657449225187884102e-03
4.615281569017679053e-03
4.558598238730337225e-03
4.505972328464849519e-03
4.466194848724990181e-03
4.419092326972167556e-03
4.367839873215416738e-03
4.325644718887633466e-03
4.284207190675078970e-03
4.244570117699913644e-03
4.199055611243238464e-03
4.165281979943392769e-03
4.118405349217937016e-03
4.075088938398403401e-03
4.038129803130868778e-03
3.998331729121855707e-03
3.962628909689374333e-03
3.928269677128991624e-03
3.885216394605231667e-03
3.855024550773669158e-03
3.819078832487866892e-03
3.787452295224647859e-03
3.751801882086147101e-03
3.714692605903837860e-03
3.677534307207679532e-03
3.638612731307512213e-03
3.614926255667524121e-03
3.583246596896788073e-03
3.550906707592366585e-03
3.518434028394403987e-03
3.487253636716923164e-03
3.455230514548020618e-03
3.432804055720043834e-03
3.401737162750214510e-03
3.366344711910642263e-03
3.344805666511820302e-03
3.310244874181808052e-03
3.283845222885429377e-03
3.260129550148849285e-03
3.236129526035802072e-03
3.213297328630869854e-03
3.186747888740501522e-03
3.156582961404637983e-03
3.133982425004069265e-03
3.105113506244378940e-03
3.086152058644802115e-03
3.056395899360359134e-03
3.035447184712393096e-03
3.017860027315327764e-03
2.989278105496487141e-03
2.976680168922757937e-03
2.952781529173080163e-03
2.935782835580175859e-03
2.905217571096727503e-03
2.884201746739563713e-03
2.869729357697360563e-03
2.845046195280156141e-03
2.829221963282907253e-03
2.807940830034203784e-03
2.789802162379783311e-03
2.766568872427160528e-03
2.748842348589096429e-03
2.728235680070065228e-03
2.710154083478846440e-03
2.694621538728824914e-03
2.675810960882517905e-03
2.661139671597629805e-03
2.647766965829941813e-03
2.631600289067136979e-03
2.615051110996864658e-03
2.598713738791411619e-03
2.581532461481401801e-03
2.562375570260337632e-03
2.556575141614302916e-03
2.538515228655887929e-03
2.518950776749988817e-03
2.504111001661658495e-03
2.492421327145711869e-03
2.479516890943341424e-03
2.469124330679187650e-03
2.455306730204029168e-03
2.439209427528839930e-03
2.422107251305715119e-03
2.412792126573913218e-03
2.398488956985238285e-03
2.385196664695104097e-03
2.379943704807374171e-03
2.359199564470327443e-03
2.356231385294813713e-03
2.341757824247179057e-03
2.326986498398764605e-03
2.314408100530272478e-03
2.303927690662385241e-03
2.296442853249027524e-03
2.282696680088702225e-03
2.268935710802179404e-03
2.262243219210358786e-03
2.249296884815703366e-03
2.239061212691012895e-03
2.220858406169281835e-03
2.216047864530992437e-03
2.207161597735830469e-03
2.195567015281267402e-03
2.181869997276225919e-03
2.175033654723665735e-03
2.161119362404860869e-03
2.157398585833289039e-03
2.144586175967560810e-03
2.129188938645529532e-03
2.124735625903849574e-03
2.115547424805117906e-03
2.102928906658780607e-03
2.090990736039384425e-03
2.079959689799579584e-03
2.069949908632406910e-03
2.066104728311620245e-03
2.049844165640388443e-03
2.036990237177815390e-03
2.034795881392346961e-03
2.022993765446881500e-03
2.009481257741572470e-03
2.006269961893121772e-03
1.993291789896466278e-03
1.986297232039214381e-03
1.977933950522856466e-03
1.968753949829260986e-03
1.959464187386038281e-03
1.946560184295958659e-03
1.940017862249806104e-03
1.934561303798545788e-03
1.921202555694617384e-03
1.914028413837513647e-03
1.904348311874491662e-03
