2.280259059675570077e-01
1.795611592048468666e-02
1.032691280949317621e-02
9.615543581769867357e-03
9.155332777230624011e-03
8.800096434649838997e-03
8.486940998755883661e-03
8.264628034660182268e-03
8.058654255823751236e-03
7.864473764736127151e-03
7.685763847829158411e-03
7.561347997735928111e-03
7.439758783506736362e-03
7.314785510693798745e-03
7.216181077178806212e-03
7.126750945670729497e-03
7.009631571496096648e-03
6.939770143340172684e-03
6.830043695533406962e-03
6.765187282975862991e-03
6.679772870631408600e-03
6.632743156651918839e-03
6.549791226323231109e-03
6.474787043035099866e-03
6.395655646710587082e-03
6.333577138533049572e-03
6.279886797113119583e-03
6.212806159384767941e-03
6.141358410448966888e-03
6.071013843315345611e-03
6.011492225150591971e-03
5.965949941171510423e-03
5.908909458187173482e-03
5.840273910403734163e-03
5.782529904401945489e-03
5.736886399370719723e-03
5.682573513656409732e-03
5.605714649980308648e-03
5.563635112685006226e-03
5.494964091827742210e-03
5.463802518001362532e-03
5.425581665405757037e-03
5.369464282847772989e-03
5.327639735423872307e-03
5.263783515913798838e-03
5.230311908265624678e-03
5.170321965379982843e-03
5.142704238377994973e-03
5.101351416228031704e-03
5.039641009149081752e-03
4.997077638097921666e-03
4.948049641788678996e-03
4.894651733251348391e-03
4.888191869091921757e-03
4.796956299761794169e-03
4.784235536971252582e-03
4.738923667402906298e-03
4.698181827725854062e-03
4.674685666079658915e-03
4.623082891517004030e-03
4.562082122754960133e-03
4.536099692950301340e-03
4.505784618300995997e-03
4.456729746997163330e-03
4.425369927797700824e-03
4.367665545855527187e-03
4.356067313048177583e-03
4.287737182829957569e-03
4.288863011329556614e-03
4.221674901537837352e-03
4.161502554331621487e-03
4.164136519747920623e-03
4.125765639270996370e-03
4.117381500834328689e-03
4.026760722871629630e-03
4.016058260558132663e-03
3.993977442979442308e-03
3.947853245433309392e-03
3.899239037342080473e-03
3.871532344945600307e-03
3.838434083250571744e-03
3.824717520834989767e-03
3.790501974500720076e-03
3.734920105803428599e-03
3.719082912290278334e-03
3.688228257687158063e-03
3.632608282153644910e-03
3.613108426212160475e-03
3.585572512940329512e-03
3.535424065287207616e-03
3.516292117659585922e-03
3.463421710451560376e-03
3.429261743338516029e-03
3.411759661509807320e-03
3.397844109706836188e-03
3.363249308508134850e-03
3.334165721811846884e-03
3.281960344310434763e-03
3.264515756472974491e-03
3.216689333047335377e-03
3.209463442001270726e-03
3.167747100702572854e-03
3.114902432714318492e-03
3.118426220944890085e-03
3.101438526283302292e-03
3.076205496123899600e-03
3.024918953774214693e-03
3.006499483535663049e-03
2.957981739245951931e-03
2.925543429160998472e-03
2.914128954303340114e-03
2.863259225094744870e-03
2.863986273353345824e-03
2.834576345832742761e-03
2.803333739155364386e-03
2.761831032020858369e-03
2.740107789261292913e-03
2.697477931999293053e-03
2.711314739826775622e-03
2.672438990321963827e-03
2.648256612944048256e-03
2.610740357236603863e-03
2.591274754156204681e-03
2.567911822115136362e-03
2.546776437440625984e-03
2.515648683499550897e-03
2.463234062075311381e-03
2.460037798188014369e-03
2.443163612750660473e-03
2.407872586263693111e-03
2.418378489034824028e-03
2.374987698004545067e-03
2.341467267608875018e-03
2.305878589376810731e-03
2.322053259142973711e-03
2.237370125158122391e-03
2.284707438535146535e-03
2.227092112789683803e-03
2.223055146043320489e-03
2.188116525117255167e-03
2.146660002422539053e-03
2.140675449022854358e-03
2.128000659218915250e-03
2.087494879212196605e-03
2.057734852018083555e-03
2.056655722327334346e-03
2.031940394884995237e-03
1.996760556598279387e-03
2.001726701250628859e-03
1.949203154277884568e-03
1.960086876691829582e-03
1.898248429389631006e-03
1.928129067824729988e-03
1.895953203003435811e-03
1.851561495125982580e-03
1.866909212599022734e-03
1.831938089802471418e-03
1.819522933993496109e-03
1.812602903618469726e-03
1.783407836384347939e-03
1.741858382961037873e-03
1.743690796935143741e-03
1.708275877429817589e-03
1.696845533619818465e-03
1.687997584635273244e-03
1.679586394422066028e-03
1.662189311132134927e-03
1.632768885132290532e-03
1.617868451661966678e-03
1.607310856713541286e-03
1.589092728829113879e-03
1.563082022307970068e-03
1.545509088851932137e-03
1.546145638758389352e-03
1.503785900091056046e-03
1.502129692579772012e-03
1.502357052887808670e-03
1.487359120223378075e-03
1.454257848323929148e-03
1.458825259821120747e-03
1.430631907251587358e-03
1.411323241698136466e-03
1.394912586664802563e-03
1.388834707497499854e-03
1.348221972932064699e-03
1.362520111561458299e-03
1.337194895441349424e-03
1.312619781267477257e-03
1.303699282185074746e-03
1.270820917759573612e-03
1.279593834375364683e-03
1.237614845827227431e-03
1.257063543557922517e-03
1.220608227969846539e-03
1.222337507730723340e-03
1.210815516541125696e-03
1.196821944493075586e-03
1.173627323223194090e-03
1.166386290422105143e-03
1.140720145267117795e-03
1.119405971179990777e-03
1.107105522212458761e-03
1.131496630928484652e-03
1.082130187530440553e-03
1.062333798959766125e-03
1.056728930550542922e-03
1.077389218664306708e-03
1.039849420623709065e-03
1.056063708427332302e-03
1.048516732791020777e-03
1.030868165458914904e-03
1.005717690428095277e-03
1.035414551649539976e-03
9.841048940697439892e-04
9.575955091057559206e-04
9.766248686143323091e-04
9.708101017795776151e-04
9.126838598084369755e-04
9.201938909838992126e-04
9.034944913678157052e-04
9.246345234931227898e-04
8.999537299132498447e-04
8.817712470729367064e-04
8.718220818623410862e-04
8.606867480509772196e-04
8.364118198295770676e-04
8.430737350159861823e-04
8.562057234138636085e-04
8.260519991283997616e-04
8.232340114968142962e-04
8.136560138371437285e-04
8.119235834198792329e-04
7.976662586315797377e-04
7.712545535209106105e-04
7.893833828954181179e-04
7.715622676317123070e-04
7.491722395895651903e-04
7.491584271195148720e-04
7.330343172617133493e-04
7.246956759196282374e-04
7.046965581918941722e-04
7.198068871059062294e-04
7.132193396717498909e-04
6.907553699788660483e-04
7.010550476089909841e-04
6.765419430090938938e-04
6.791511607778894996e-04
6.724727576402940573e-04
6.727660204974416237e-04
6.410287024707594884e-04
6.430447865113820150e-04
6.490978623181338459e-04
6.242124970044859262e-04
6.448963413558452288e-04
6.196669268255001898e-04
6.167170141279279105e-04
6.035034776513861342e-04
6.219378559524644298e-04
5.977083550197633335e-04
6.000217803223980130e-04
5.866891687544141358e-04
5.670161981405336506e-04
5.599356411082788898e-04
5.652343926645439628e-04
5.587393755062987355e-04
5.573288462192933692e-04
5.338233479397743245e-04
5.316404465312579318e-04
5.243528396541868473e-04
5.408323127409987762e-04
5.347956560247742359e-04
5.407075765907349814e-04
5.096262812057396861e-04
5.061573698055456955e-04
4.942864154719202449e-04
5.061410077868935169e-04
5.194024632969342081e-04
4.920367240304455731e-04
4.898272819814121493e-04
5.024212909780717898e-04
4.818858292862517414e-04
4.722979251937431183e-04
4.569257562988717890e-04
4.587787961608704845e-04
4.651768590953170540e-04
4.436697324904127228e-04
4.451871215722002693e-04
4.385594693844939874e-04
4.349403592630638306e-04
4.243299903496985524e-04
4.410237920172307936e-04
4.179476366484128095e-04
4.225602306059088190e-04
4.281359304189079405e-04
4.099354052370818985e-04
4.171823117779976703e-04
3.938293223644082248e-04
3.952478269519858842e-04
3.916098924405343523e-04
4.004904847674662770e-04
3.901495833588342283e-04
3.829559467736284449e-04
3.734651019786248342e-04
3.847018322284427778e-04
3.687826712426353214e-04
3.841020390598801027e-04
3.750870694353753321e-04
3.520816740698743731e-04
3.551297479751675695e-04
3.661694592264688199e-04
3.563523667534831529e-04
3.444525329238483087e-04
3.527811943091105048e-04
3.527229587169651115e-04
3.378603818299823398e-04
3.450559923824888294e-04
3.357124925341416731e-04
3.337535858376906427e-04
3.180898405855172857e-04
3.623290254511500239e-04
3.178364846126853190e-04
3.290784087712814816e-04
3.046574191871730445e-04
3.143325133210271897e-04
3.124013281324420819e-04
3.083875285743228477e-04
3.110530603418651223e-04
3.053890653052890487e-04
3.128579850659835254e-04
3.090610599039272108e-04
3.025275960637719341e-04
3.125115429828015335e-04
2.922077387720058671e-04
2.946200554680174352e-04
2.912404767725785670e-04
2.907980648225410420e-04
2.815480000349236244e-04
2.887632123247385607e-04
2.704975473263749458e-04
2.541900805724816876e-04
2.717716036332127206e-04
2.874156495993572275e-04
2.717293488666698868e-04
2.681054570757623661e-04
2.863654884972025548e-04
2.794182326137420978e-04
2.658966304688008134e-04
2.690333219041869109e-04
2.822929599449794770e-04
2.597446724415757957e-04
2.646972682214254746e-04
2.670504371464977244e-04
2.519109812553887301e-04
2.499077768561619233e-04
2.663717223748833822e-04
2.460267648475997974e-04
2.507501496644354635e-04
2.522903541170135023e-04
2.644794862633370234e-04
2.598387391333831621e-04
2.323722623097117972e-04
2.350505478240111649e-04
2.486866175082641647e-04
2.327694446616338419e-04
2.448510919077220784e-04
2.373262080828637626e-04
2.354409096878520196e-04
2.415404730446165749e-04
2.246969004556290106e-04
2.358271283182624594e-04
2.221317197338413239e-04
2.226724230993005072e-04
2.174424798974022085e-04
2.275500580123791903e-04
2.261993461518484031e-04
2.261809438041815427e-04
2.267947146947335677e-04
2.155365986428001851e-04
2.185426933530314924e-04
2.143026047308792053e-04
2.272037779156172712e-04
2.137744361020633597e-04
2.011946926461946844e-04
2.097003883981025268e-04
2.178843196751196305e-04
1.865782744159462533e-04
2.101703254998894680e-04
1.972553856971682627e-04
2.067958237495033571e-04
2.038578810654490567e-04
2.082415278826894249e-04
2.115420539569510779e-04
1.926670916505134491e-04
1.962716892757314401e-04
1.946132817086739409e-04
2.112018238221935408e-04
1.955282801948972750e-04
1.931700001088237255e-04
1.969614645358455001e-04
1.816050518343780918e-04
1.915258489621659817e-04
1.821134164737529956e-04
1.985238460444331164e-04
1.879238153963212602e-04
1.762569678010636692e-04
1.716024427883851148e-04
1.908044165756586099e-04
1.788980906537420074e-04
1.735685895320264970e-04
1.787299947680020509e-04
1.735726277166534071e-04
1.872630193003845184e-04
1.683290307558612034e-04
1.721915768690624252e-04
1.734706691530889277e-04
1.828440834677686800e-04
1.672640399804203447e-04
1.716714307138188082e-04
1.791766908083792164e-04
1.689632061156555237e-04
1.702360985626953736e-04
1.673850021228688676e-04
1.696428901043743349e-04
1.653496190069095784e-04
1.730932500284628362e-04
1.788177117857360705e-04
1.622704002546102205e-04
1.603746447677795520e-04
1.581335318286662824e-04
1.634105827379460688e-04
1.623680676056253635e-04
1.581647606772527124e-04
1.654862669489548651e-04
1.643481579581670602e-04
1.487551338489841505e-04
1.609737584095412147e-04
1.519118419337030018e-04
1.562529573144881057e-04
1.499852426068823050e-04
1.579585975470027177e-04
1.556659485940837704e-04
1.521205166357373923e-04
1.556030237755597621e-04
1.364431186023769781e-04
1.543620363274082416e-04
1.439646726442420153e-04
1.449777504019168924e-04
1.506287342246131371e-04
1.375302094461836695e-04
1.506366572730907436e-04
1.328084675286672492e-04
1.447841446000503731e-04
1.380898017508852310e-04
1.466237927594366236e-04
1.444408696762539373e-04
1.381868351662281615e-04
1.481400060637973876e-04
1.393525580424249629e-04
1.369377955814429901e-04
1.408801374054746594e-04
1.480596606056462216e-04
1.345345075865874904e-04
1.379682066493885507e-04
1.313960409404336201e-04
1.341443568987545228e-04
1.362701397110435101e-04
1.331241603717596086e-04
1.359687179875176488e-04
1.305327037384596944e-04
1.329652122124224648e-04
1.286517080318714938e-04
1.376606485797267159e-04
1.326193305907335791e-04
1.404237334208162467e-04
1.336745852216024281e-04
1.252918102669095069e-04
1.330445049537350708e-04
1.294076005836229573e-04
1.318160671682259641e-04
1.302981373842591255e-04
1.251201537299840324e-04
1.240527605989969091e-04
1.388434199341082509e-04
1.245595756981423402e-04
1.127023997258090452e-04
1.255184459485765959e-04
1.237255498202622479e-04
1.241027603706849392e-04
1.227325100043821131e-04
1.350186266866633790e-04
1.198971282481882812e-04
1.228836931112536760e-04
1.211096636308996318e-04
1.180664988282842387e-04
1.351476949502111594e-04
1.121329527065773550e-04
1.277686023979099296e-04
1.062973530603509632e-04
1.080921917464582375e-04
1.220424307066856435e-04
